INSERT INTO `shop_product_category` (`id`, `category_id`, `product_id`) VALUES
(143, 23, 258),
(147, 23, 259),
(149, 25, 262),
(150, 23, 261),
(151, 23, 260),
(152, 23, 257),
(153, 21, 264),
(155, 26, 263),
(158, 17, 267),
(167, 16, 276),
(171, 33, 273),
(172, 32, 272),
(173, 16, 271),
(174, 30, 270),
(175, 29, 269),
(176, 17, 268),
(177, 28, 266),
(178, 27, 265),
(179, 16, 274),
(182, 21, 277),
(184, 20, 282),
(185, 20, 282),
(192, 21, 283),
(193, 20, 283),
(194, 21, 283),
(195, 20, 283),
(196, 21, 283),
(197, 20, 283),
(198, 21, 283),
(199, 20, 283),
(202, 16, 275),
(203, 16, 275),
(204, 16, 275),
(205, 16, 275),
(206, 16, 284);

